112.64761071065902 -7.358591468955999 -43.473830708466004 0.0 -120.00057736824502 -88.76342731841301 67.35801410071103 -96.12201878736899 -124.878666557923 0.0 38.58838460268301 -57.526277268582014
0.0 76.52687937717398 -127.35025340934202 112.640692907921 31.237282695895004 120.00084281729997 0.0 -4.885584517587992 143.887029286553 67.351096226642 62.47372257449 -81.40256739472605
0.0 119.99752428949903 -36.11957815275199 -112.64592090029399 7.3538486328710055 -81.409174709675 0.0 -43.473426785623 -7.353848632869975 112.64367565662899 -88.763023342546 -119.99976953316401
-112.644460827175 83.88203179249203 0.0007441690169960021 0.0 38.592435244710984 -112.644391551589 -67.35486427939401 47.763319415967004 -43.47276321131599 0.0 115.11885858879097 91.23764024090302
0.0 38.591937539942 -57.526277129978 67.355297771916 -96.118465913111 -124.88138281111699 0.0 -124.88138281111698 -28.762916898005 -67.355105681138 167.763319416968 -163.473320351059
112.644716736601 151.23686980452402 1.6738980000855594e-05 0.0 -163.47353364855098 112.64489654930499 67.35512018967499 -57.52627712993401 38.592169806903 0.0 -124.88156039333302 -96.11823364617099
0.0 -43.47342184848802 -7.353790658818998 112.64362755790201 -88.76301840629101 -119.999759658719 0.0 115.11735040404 23.883190934891008 67.3540310001 -177.526277153862 158.593594377088
0.0 -120.00001788413603 -88.763147507043 112.64488539042502 -7.355306727626994 -43.47355096010999 0.0 -81.408050781604 62.473722870050004 67.35528884349101 143.88154576533003 -4.8813917395259905
0.0 158.592119719244 127.35526354922601 -112.644746980877 -156.118283733863 -119.99988688475601 0.0 -4.881427563845999 -148.763020184637 -67.355150433983 -72.23668058296899 76.52657636225801
0.0 -0.00016695352499928578 151.236777952527 112.64561151960203 112.64381807902002 -163.47362549532602 0.0 -81.40900052060002 62.473722858580004 67.35601496745504 143.88059603154701 -4.880665621818004
0.0 38.596216019690004 -112.640258679954 -112.64103190197301 83.88581267968902 0.008306078071007028 0.0 115.12228737933201 91.24555399973401 -67.35143524197501 47.763319281306 -43.464849340266994
0.0 -163.47346779984997 112.645669733349 112.64407525489699 151.236935649108 0.0001484372040003644 0.0 -124.882201884091 -96.11739461754303 67.35447870385498 -57.526277138989 38.593008831415
0.0 119.99376766140303 -36.12145649898498 -112.64762438604899 7.3517954368880085 -81.41105310954701 0.0 -43.47325193587202 -7.351795436888017 112.641972224514 -88.76284854643602 -119.99941982293602
0.0 76.51857123304902 -72.236680694689 -67.35861888789302 -148.77102540694503 -4.884896222576003 0.0 115.11510377742403 23.886129184368997 67.35178447211301 -177.52627733468205 158.59653254437504
112.643598470107 -88.76301542109898 -119.99975368712698 0.0 -43.47341886274599 -7.353755598880993 67.35400191175499 -177.52627715507202 158.59363242166702 0.0 115.11732131503601 23.883228980019997
0.0 -81.410682009508 62.473722792903004 67.35730051701299 143.878914572491 -4.87938010808401 0.0 -124.87938010808298 -28.758294680574995 -67.353102900987 167.763319374903 -163.468698098575
0.0 -81.40811505662201 62.47372286985701 67.355337984957 143.881481490399 -4.881342598164013 0.0 -124.88134259816403 -28.762824088563995 -67.355065468022 167.763319416879 -163.473227541542
0.0 -0.0025442108790025854 83.88038759672001 -112.64595196236999 -112.64618880599599 38.590791039233 0.0 76.52657640271599 -127.35381119400499 112.64364459511701 31.236979845228998 120.000236843626
0.0 -81.407623783988 7.355543924327992 -112.64451436107402 -36.118027236473 120.00062611077101 0.0 -4.881194944789008 -148.762483312145 -67.35491781355802 -72.23668058371501 76.527113235372
0.0 158.59196542511202 -177.526277129915 67.35527645203499 23.881561972029008 115.118595869038 0.0 -124.88140413096201 -28.762966102990994 -67.35512700104802 167.76331941700198 -163.47336955607403
-112.648217448074 -112.64891937660403 38.58829292020499 0.0 -0.007540184579998946 83.87788956030298 -67.35862080797601 91.228970183699 115.115101857112 0.0 -43.481433176201996 47.763319305187004
0.0 -163.47405578589104 167.76331941658202 -67.35542433518802 -28.763652333159012 -124.88170146587402 0.0 -4.881701465874023 143.881950867286 67.35497911754399 62.47372286931399 -81.407645679983
0.0 -1.3245260994109736e-05 83.88165308589701 -112.64480427955898 -112.64480551257601 38.592056539024014 0.0 -43.473555879805 47.763319417056 -67.35520773268598 91.23684757332099 115.11851513749703
0.0 -81.408171503992 62.47372286961803 67.35538114230901 143.881425043138 -4.881299440943987 0.0 -124.881299440943 -28.762724484081005 -67.355022310562 167.763319416748 -163.473127936952
112.64455979852599 151.23688591327902 4.895737198587015e-05 0.0 -163.473517539395 112.64508570617201 67.354963251199 62.473722869185 -81.407624927875 0.0 -4.881717332289001 143.88197161945098
112.64280622370603 31.237065879222996 120.000408957883 0.0 76.526662457741 -127.35280068730601 67.35320964518803 -177.526277199437 158.59466861339902 0.0 115.11652902427001 23.884265191917002
-112.64507447154601 7.354868826854003 -81.40824138792401 0.0 119.99939090278899 -36.11864484044201 -67.35547792406501 -28.763776013588995 -124.88175505522001 0.0 -163.474179466108 167.76331941632597
0.0 -163.474611487593 167.76331941500104 -67.355665112682 -28.764208036178008 -124.881942246266 0.0 -124.881942246267 -96.117734210089 67.35473833873202 -57.526277133584 38.59266924132602
0.0 119.999924792354 31.236823830076 112.64516741973897 -127.355646079431 76.52642037803099 0.0 -81.40753009049402 7.355646079430004 -112.64442912821501 -36.117933542539 120.00081349917002
-112.64458325913598 -36.11810320668301 120.000474170022 0.0 -81.407699753924 7.355460881915991 -67.35498671189399 -72.23668058338698 76.526954222475 0.0 -4.881263842522021 -148.762642324766
0.0 38.591984094791 -57.52627712988099 67.35526217796101 -96.11841935830802 -124.88141840501798 0.0 115.11858159498202 91.23700095329 -67.35514127513702 47.763319417021 -43.47340249980798
0.0 -81.407199560384 7.35600764309199 -112.644129626199 -36.117603009945014 120.001474567332 0.0 -4.880810213422001 -148.76159536685302 -67.35453307576 -72.236680587222 76.528001183586
0.0 -120.00003147224398 -88.763154301237 112.64495157724897 -7.35538650243202 -43.47355775417601 0.0 158.591862649271 -177.52627713022898 67.35535503018798 23.88145919633199 115.118674447019
0.0 119.99942221143002 -36.11862918608601 -112.645060274478 7.354885938487006 -81.408225733506 0.0 -163.474146700178 167.763319416399 -67.35546372705798 -28.76374324759899 -124.88174085807901
0.0 -81.409472729733 62.47372284599199 67.356375990339 143.880123828137 -4.880304605799978 0.0 -4.880304605800996 -148.76042843393702 -67.35402745179199 -72.23668059614002 76.52916812393201
0.0 38.59211065381899 -112.644746360151 -112.64475520236101 83.881707200707 9.498437500388471e-05 0.0 -4.8814357853240065 -148.76303915944501 -67.35515865547401 -72.23668058296099 76.526557387443
0.0 -120.00036990192002 -88.763323544347 112.64660010754802 -7.357373436705004 -43.473726971583986 0.0 38.594049892358 -112.642626563295 -112.64299646521498 83.88364646511998 0.003973544253004547
0.0 76.525383826216 -72.23668058501697 -67.355667143138 -148.76421272238503 -4.881944276756007 0.0 115.11805572324499 23.882268445629016 67.354736308261 -177.526277133618 158.592671897029
-112.646745629176 127.352854641113 158.589915907798 0.0 -120.00429441095199 -156.120487515091 -67.357149052065 -148.767632873978 -4.8834262484079956 0.0 76.521963703132 -72.23668061923102
0.0 -0.00018509493900411019 83.88156716102502 -112.644882205575 -112.64489943629202 38.591970614096 0.0 -163.47373572833803 167.763319416988 -67.355285658646 -28.763332275266997 -124.88156278858705
0.0 -0.002268537416985154 83.880525434757 -112.64582695590701 -112.64603813682199 38.590928879445 0.0 -163.47343642842202 112.646038136822 112.64376959940499 151.23696701626702 0.00021118091500565056
0.0 -43.473305295263 -7.352422019534001 112.642492062849 -88.762901884549 -119.999526545973 0.0 115.11621483972102 23.884676095917 67.352895473562 -177.526277223127 158.59507950663
0.0 119.999984823999 31.236853847042994 112.64487219789999 -127.35529082698501 76.526450393959 0.0 -81.40803352685802 62.47372287008699 67.355275650984 143.881563020058 -4.881404932013008
112.64408134103499 -88.76306497834598 -119.999852817858 0.0 -43.473468427374016 -7.354337607920993 67.35448479006301 -177.526277138834 158.59300086276102 0.0 115.1178042022 23.88259741373301
0.0 -0.0029505535159845392 83.88018442320497 -112.64613622194899 -112.64641089271501 38.59058786205702 0.0 -163.47662990836199 167.76331939992605 -67.356539660802 -28.76622646951 -124.882816822023
0.0 -163.47849068302799 167.76331937306097 -67.357345898002 -28.76808726656402 -124.883623108478 0.0 -124.88362310847701 -96.11553584191401 67.353057518462 -57.526277210474994 38.59486757455
0.0 -0.0002597200840118026 151.23673156101 112.646063396403 112.64327344314901 -163.473671879354 0.0 38.593458117859996 -112.64327344315001 -112.64353316323299 83.88305467749602 0.0027899532540023135
0.0 -43.47369394815001 47.763319417014 -67.35526755586402 91.236709504943 115.118455314243 0.0 115.11845531424301 23.881745809299996 67.35513589722899 -177.526277129893 158.592149262393
0.0 -120.000292582537 -156.118486582825 -112.644930946336 127.355041816787 158.59191687016204 0.0 -43.473528399612 -7.355041816787002 112.644665600677 -88.76312494662501 -119.99997276312298
112.64491545553498 -127.355342965253 76.526445953603 0.0 119.999975943299 31.236849406621015 -112.64468109144802 83.881788918856 0.00025842078699320035 0.0 38.59219237187399 -112.644657034747
112.64537865156301 -7.355901249542 -43.473601592073024 0.0 -120.00011914753901 -88.76319814163202 -112.644217897996 -156.11770034253198 -119.99872009889498 0.0 158.59270310790896 127.355901249542
0.0 158.59062882215702 -177.52627715091504 67.356298349402 23.88022537862002 115.11961775494899 0.0 -124.88038224505001 -28.760607623671 -67.354105094136 167.763319405548 -163.471011067208
0.0 -81.40862279732698 62.47372286535799 67.355726180246 143.88097375174 -4.880954405329996 0.0 -4.880954405329971 -148.76192815707003 -67.354677270688 -72.23668058557699 76.52766839199599
-112.644331422137 -36.11782551950999 120.00102954600803 0.0 -81.40742206812199 7.3557644195349905 -67.35473487352597 167.76331941497 -163.472464551365 0.0 -124.881012007168 -28.762061099976
0.0 -163.473660923311 167.76331941703 -67.35525324664 -28.763257470204998 -124.88153037650301 0.0 115.118469623497 23.881727093701997 67.355150206466 -177.52627712986398 158.592130546808
0.0 -81.40809240281 62.47372286993502 67.355320664903 143.881504144175 -4.88135991817701 0.0 -124.881359918176 -28.762864062352005 -67.35508278811099 167.76331941692 -163.47326751536602
0.0 -120.000035513164 -88.76315632175303 112.64497126089597 -7.355410226948994 -43.47355977464102 0.0 158.592253905196 127.35541022694801 -112.64462528621603 -156.118149547693 -119.99961851215501
0.0 119.99983813119799 31.236780495237003 112.64558675132298 -127.356152068295 76.526377047067 0.0 38.592932563531996 -112.643847931705 -112.64400980050802 83.882529115362 0.0017388196170002347
0.0 -163.47335928364598 112.646944011365 112.643018034616 151.237044144208 0.00036547383499567726 0.0 115.11674084919802 23.883988155574 67.35342146247002 -177.52627718541902 158.59439158342698
0.0 119.999815868404 31.236769362237006 112.64569519514 -127.356282773447 76.52636591552499 0.0 38.593052135684 -112.643717226553 -112.64390135814801 83.882648688972 0.0019779685859764038
0.0 -163.474845387281 167.76331941400503 -67.35576645788099 -28.764441936695995 -124.88204359329299 0.0 -4.882043593292974 143.88239834340402 67.354636992703 62.47372286458799 -81.40719820601299
0.0 -120.00541611679198 -156.12104837872698 -112.64725425957403 127.35224154781001 158.58935502629902 0.0 -43.473289926538 -7.352241547809994 112.642342335398 -88.762886521511 -119.99949580738499
0.0 38.592456926348994 -112.64436785144298 -112.644441163804 83.882053474239 0.0007875326419907163 0.0 115.118878252031 91.237685622796 -67.35484461591399 47.763319415835994 -43.47271782931501
0.0 -4.952206997560847e-05 83.88163494749001 -112.64482072939698 -112.64482533955 38.59203840061399 0.0 -43.47353971295998 -7.355174660450006 112.64477581748 -88.763136259837 -119.99999538984699
0.0 119.999988825461 31.236855847796 112.64485270548302 -127.35526733312501 76.52645239469298 0.0 -81.40800803222501 62.47372287013099 67.355256158586 143.881588514672 -4.881424424386024
0.0 119.99153965792803 -36.122570532927 -112.648634711826 7.350577705514995 -81.412167197166 0.0 76.52685176155799 -127.350577705515 112.64096195241301 31.23725509731799 120.00078758266001
112.64387724516901 151.23695596730002 0.00018907930000675935 0.0 -163.473447479062 112.64590838776901 67.35428069153201 -57.52627714469999 38.593267801432006 0.0 -124.88239989953001 -96.117135644931
-112.643553080607 83.88303271569599 0.0027460291750000705 0.0 38.59343615645899 -112.643297449456 -67.35395652137002 47.76331940221799 -43.470668174522004 0.0 115.11976632161199 91.23973526624
0.0 -0.001430549603991564 83.88094443171198 -112.645446964307 -112.64558013552501 38.591347881483976 0.0 76.526524567238 -127.354419864475 112.644149585921 31.23692801700899 120.000133171218
0.0 119.996675143836 -36.12000273043 -112.64630595318401 7.353384532021009 -81.409599295429 0.0 -43.47702163341 47.763319395304 -67.35670938818501 91.23338180159102 115.117013442121
0.0 -120.00000563835 -88.76314138409 112.644825738259 -7.355234829728998 -43.473544837211 0.0 38.592027239301 -57.52627712983001 67.355229191381 -96.118376213819 -124.88145139157099
0.0 -81.40767883595498 7.355483747328999 -112.64456428846103 -36.11808228864499 120.000516006178 0.0 -124.881244871929 -28.762598541316 -67.35496774115204 167.76331941653203 -163.47300199400598
0.0 -1.2877824001798478e-05 83.88165326961601 -112.64480411294903 -112.64480531174699 38.592056722742996 0.0 -43.47355549525799 47.763319417055 -67.35520756607603 91.23684795786902 115.11851530410601
0.0 -43.474942341836005 47.763319413533004 -67.355808466716 91.23546110835498 115.11791439701 0.0 115.11791439700902 23.882453288652982 67.35459498347599 -177.526277136276 158.59285673884503
0.0 -120.00200388568099 -156.11934223826302 -112.64570694750701 127.354106508369 158.59106120828002 0.0 -163.473448746632 112.64589349163103 112.64388960595001 151.23695469991102 0.00018654412500222203
0.0 119.99776902874501 -36.11945578199599 -112.645809921246 7.3539823949589955 -81.40905233703 0.0 -163.47587683200302 167.763319407263 -67.356213366212 -28.765473387036998 -124.88249051398401
0.0 76.52646877935801 -127.355074941768 112.644693083535 31.236872232396998 120.00002159480499 0.0 -4.881584046477021 143.88179729062801 67.355096536573 62.473722869989 -81.40779925633298
0.0 -120.000093278473 -88.76318520595602 112.64525264089501 -7.355749370850017 -43.473588657437 0.0 38.591468874675996 -57.526277133438015 67.355656092376 -96.11893457680499 -124.881024492543
112.64503219308301 -7.355483667883999 -43.47356602913501 0.0 -120.00004802211102 -88.763162576444 67.35543564577402 23.881353755672 115.118755062305 0.0 158.59175720836197 -177.526277130777
112.64509789981598 -127.35556286087301 76.52642722757 0.0 119.99993849135501 31.236830679981004 67.355501352227 -96.118732180892 -124.88117923157603 0.0 38.591671271520006 -57.526277131392
112.644794447611 -88.76313817220002 -119.99999921458202 0.0 -43.473541625327 -7.355197115320999 67.355197900738 -177.526277129817 158.592068165606 0.0 115.11851731779402 23.881664712479004
0.0 -81.40749617478599 7.355683413597997 -112.64439863054997 -36.11789962664 120.00088133119401 0.0 -4.881079215022983 -148.762216213042 -67.35480208240298 -72.236680584473 76.52738033510403
112.6472187166 -7.3581190219070045 -43.47379047215599 0.0 -120.00049689889798 -88.763387065746 -112.64237787699001 -36.11567145024801 120.005337738508 0.0 -81.40526804384001 7.358119021907984
0.0 -81.40813935837802 62.47372286976199 67.355356565655 143.88145718868498 -4.881324017518016 0.0 115.118675982482 91.23721879379598 -67.35504688728102 47.76331941682601 -43.473184659139996
0.0 -0.005577052672994857 83.87887115159299 -112.64732714764499 -112.647846502911 38.58927455371101 0.0 -163.47328234549798 112.64784650291101 112.64226945023702 151.23712105662 0.0005193552660001187
0.0 119.99988796942199 31.236805417190006 112.64534398354103 -127.35585946487102 76.52640196643799 0.0 -81.40733511793799 7.3558594648710045 -112.64425256570699 -36.11773856869001 120.00120344841201
-112.644275695181 -36.11776407201397 120.00115244152802 0.0 -81.40736062106501 7.355831587659018 -67.35467914613 -72.23668058555698 76.52766406469505 0.0 -4.880956280738013 -148.76193248435501
-112.64490785759301 7.355069645506995 -81.408057671056 0.0 119.999758334883 -36.11846112408802 -67.355311310624 -148.76339147858002 -4.8815884406510035 0.0 76.526205068388 -72.23668058305901
112.64525505649999 112.64424771765101 -163.47358890539502 0.0 -9.377438701930542e-05 151.236814546068 67.35565850796301 -96.118937736282 -124.88102207697801 0.0 38.59146571518099 -57.52627713347701
0.0 38.592019935756994 -57.526277129836 67.355234775388 -96.11838351736102 -124.88144580756699 0.0 115.11855419243201 91.23693770979399 -67.35516867773102 47.763319417045 -43.473465743323985
67.355447953155 -96.11866234172699 -124.88123263037002 0.0 38.591741110916004 -57.52627713088101 -67.35495549948901 -72.236680583524 76.527026258714 0.0 -4.881232630369998 -148.762570288643
0.0 -163.47339939953102 112.646472906219 112.643408896137 151.23700403820203 0.00028524008799530985 0.0 -124.88286826754702 -96.11652305557902 67.35381233387 -57.526277163684 38.59388038215399
0.0 -120.00121147117001 -156.1189460285 -112.64534762156902 127.35453960112001 158.59145742222 0.0 -43.474809878101006 47.763319414167995 -67.35575107229002 91.23559357261998 115.117971792599
112.645019440924 -7.355468296458999 -43.47356471947298 0.0 -120.00004540279801 -88.76316126673599 -112.64457710633803 -36.118096423014 120.00048773738501 0.0 -81.40769297027698 7.355468296460017
0.0 -163.477290721453 167.76331939181 -67.35682597871302 -28.76688728936499 -124.88310315481499 0.0 -124.88310315481499 -96.116215865451 67.35357745337598 -57.526277176101985 38.594187566638
0.0 38.59229756720904 -112.644542046338 -112.64458568863398 83.88189411444199 0.0004688122620053375 0.0 115.11873372798904 91.237352068104 -67.35498914139998 47.763319416623034 -43.47305138466199
0.0 -0.005218396065998381 83.879050483703 -112.647164600461 -112.64765038713001 38.589453892178014 0.0 -163.479003311902 167.76331936347302 -67.357568008936 -28.76859990342601 -124.883845236988
-112.644994965633 7.354964654764001 -81.408153720682 0.0 119.99956623631202 -36.118557173501 -67.355398418452 -28.763592518737 -124.88167554894699 0.0 -163.473995971556 167.76331941668602
112.64482435567697 -7.355233163310002 -43.473544695292006 0.0 -120.000005354512 -88.76314124217 -112.644772191202 83.88168846801798 5.751898699858433e-05 0.0 38.59209192113999 -112.64476683669
0.0 -163.47387709380504 167.763319416854 -67.35534691037599 -28.76347364084497 -124.88162404056399 0.0 -4.88162404056302 143.881849600283 67.35505654258304 62.47372286981403 -81.40774694675902
0.0 119.99931118824401 -36.118684697815986 -112.645110618526 7.354825259118996 -81.408281245468 0.0 -43.474262891047 47.76331941612302 -67.355514070875 91.236140561302 115.11820879759702
0.0 38.592800018983 -112.64399281678298 -112.64413000760102 83.88239656941703 0.001473726050013685 0.0 -4.8808105948179925 -148.761596247366 -67.354533457167 -72.23668058721697 76.52800030306803
0.0 -120.000235852677 -156.11845821786503 -112.644905221917 127.35507282227599 158.591945235171 0.0 -163.47353104014198 112.644927177724 112.644691325047 151.236872412894 2.1955805999800863e-05
0.0 -81.408687744992 62.473722864399996 67.35577583599002 143.88090880451 -4.880904750107996 0.0 -124.880904750108 -28.761813554617017 -67.35462761450898 167.76331941390202 -163.47221700511602
0.0 -43.47359216577101 47.763319417050994 -67.355223453865 91.236811287352 115.11849941631 0.0 -4.881500583688984 143.881688128958 67.355179999259 62.473722870174 -81.407908417919
0.0 -81.40772481767901 7.355433484856988 -112.64460598974802 -36.11812827051 120.000424042277 0.0 115.118713426954 91.237305214346 -67.35500944258 47.76331941670201 -43.473098238485996
0.0 -43.47660291635201 47.763319400224 -67.356527965821 91.23380052274801 115.11719487350301 0.0 -124.88280512649602 -96.11660564924502 67.35387547328003 -57.526277160675 38.59379778985602
0.0 76.52344242989301 -72.236680599281 -67.356508318118 -148.76615413059403 -4.882785477886009 0.0 -4.882785477884994 143.883368652709 67.353895121395 62.47372284023201 -81.406227907778
0.0 119.999314898909 31.23651878685501 112.64813550083001 -127.359223966239 76.526115422538 0.0 -81.40425724690499 7.359223966238995 -112.64146113485201 -36.114660611223 120.007359467069
112.643047918191 151.237041077654 0.00035933887499755966 0.0 -163.473362351041 112.646907991988 67.353451346886 -57.526277183568 38.594352498338004 0.0 -124.883229265376 -96.11605093035801
0.0 119.99931554539201 -36.11868251923799 -112.645108642774 7.354827640525003 -81.40827906687801 0.0 76.52648984023799 -127.35482764052499 112.64448790486699 31.236893292597014 120.00006371670102
-67.35623198807 -148.76551636582502 -4.882509136509003 0.0 76.524080189512 -72.236680593101 67.354171456592 -57.526277148438986 38.59341067397799 0.0 -124.88250913650899 -96.11699277068399
112.64438859852602 -88.763096514539 -119.99991589631699 0.0 -43.473499966327985 -7.354707946631989 67.35479205031501 62.47372286723798 -81.40740100938199 0.0 -4.881888534236013 143.882195538829
0.0 158.58717319385102 -177.52627737502002 67.358940197298 23.876769852181024 115.12225948060801 0.0 -124.87774051939299 -28.754510371572994 -67.35146314437202 167.76331928330904 -163.46491371324402
0.0 119.99976130661501 31.236742076540995 112.64596097220499 -127.356603107937 76.526338634194 0.0 -81.409457589049 62.473722846465996 67.356364414552 143.880138968604 -4.880316181328002
0.0 -43.47348959334001 -7.354586146468002 112.64428754522801 -88.76308614229298 -119.99989515019303 0.0 115.11801041083501 23.882327711238997 67.35469099627399 -177.52627713439298 158.59273116228596
0.0 119.999603539464 -36.11853852189403 -112.644978050339 7.354985042672002 -81.408135069026 0.0 -163.473956932092 167.76331941674698 -67.355381503208 -28.763553479222008 -124.88165863359299
0.0 -120.000104493023 -88.76319081369202 112.645307265508 -7.355815209593012 -43.47359426475402 0.0 -81.408602572224 62.473722865637995 67.35571071656898 143.880993976715 -4.880969868853997
0.0 76.52648244674398 -127.35491468054504 112.64456015751101 31.236885899415974 120.00004892963001 0.0 -4.881716973300003 143.881971218861 67.354963610188 62.47372286919199 -81.407625328463
0.0 -43.47350861698601 -7.354809528148975 112.64447287813302 -88.763105164704 -119.99993319773301 0.0 -4.881804253540001 143.88208530714704 67.35487633041599 62.47372286832599 -81.40751124057101
0.0 158.59301974749602 127.35624736962599 -112.643930731613 -156.11738369962902 -119.99808680911299 0.0 -124.88061132175899 -28.761136330004003 -67.354334178739 167.763319409854 -163.47153977712898
0.0 -43.473432384358006 -7.353914376542008 112.643730201688 -88.76302894032801 -119.99978073082502 0.0 -4.882546948143011 143.88305668313004 67.354133645718 62.473722850169 -81.40653987283997
-67.35528954817201 -148.763341252062 -4.8815666781250036 0.0 76.526255294873 -72.236680583018 67.355113904894 -57.52627712995201 38.592178027002994 0.0 -124.881566678124 -96.118225426062
0.0 158.591914529499 -177.526277130044 67.355315364747 23.881511076475 115.118634781678 0.0 -4.881365218320986 -148.762876294797 -67.35508808827701 -72.236680583068 76.52672025217899
112.647071947 -7.357942124739004 -43.47377540507699 0.0 -120.000466765837 -88.763371993173 67.357475358903 143.87868588208698 -4.879205273510006 0.0 -81.41091070600999 62.47372277949101
0.0 -120.00164956232899 -156.11916507531402 -112.64554627696698 127.35430016330301 158.59123837335096 0.0 76.526534761384 -127.35430016330301 112.64405027436803 31.236938210049004 120.00015355973001
112.6475038549 -127.35846260899902 76.52618029645501 0.0 119.99944464065904 31.236583691212996 -112.642092750341 -156.115357094546 -119.99403353610097 0.0 158.59504630021303 127.35846260899899
0.0 158.592650310491 127.35584353846801 -112.64426578269502 -156.11775314037502 -119.99882569509299 0.0 -124.88094636835301 -28.76190960190799 -67.354669233561 167.76331941434302 -163.47231305277302
0.0 -120.00003600118201 -88.763156565769 112.644973638082 -7.3554130921460015 -43.473560018651 0.0 158.59183379496602 -177.526277130356 67.355377090964 23.881430342084986 115.11869650772601
0.0 38.59299968991699 -112.643774455389 -112.643949022262 83.88259624254701 0.0018730749480165938 0.0 -4.880629612139995 -148.76117821288102 -67.35435246963598 -72.236680589823 76.52841833975403
0.0 -163.473281130007 112.64786174839399 112.64225663635203 151.237122271604 0.0005217863579984443 0.0 -4.8840206067980025 143.884984019998 67.35266003796401 62.47372275685 -81.40461257838999
-112.64482844910205 7.355165356025993 -81.40797011145499 0.0 119.99993345380399 -36.11837356457498 -67.35523190222203 91.23679179145098 115.118490967945 0.0 -43.473611661668016 47.76331941704703
0.0 -0.0003799395569941813 83.881469738608 -112.64497056065301 -112.645005926013 38.59187319149898 0.0 76.52647566462001 -127.354994073987 112.64462598645699 31.236879117511 120.00003536536002
0.0 -163.47353901808 112.64483349925801 112.644769047534 151.23686443504002 5.999912001873223e-06 0.0 115.11849191770199 23.881697934298 67.355172500655 -177.526277129832 158.592101387418
0.0 158.592582914294 127.355769865812 -112.64432690350799 -156.117820537061 -119.99896048905201 0.0 -4.881007488577972 -148.762050671249 -67.35473035486301 -72.23668058507101 76.52754587739499
0.0 -120.00011386153399 -88.763195498374 112.64535290296601 -7.355870215174004 -43.47359894904799 0.0 38.591337737126004 -57.52627713521399 67.35575635364 -96.11906571354703 -124.880924232248
0.0 -43.47344418383799 -7.354052930428996 112.64384515439001 -88.763040737955 -119.99980433015601 0.0 115.11756800863601 23.882906331616002 67.35424860027301 -177.526277145755 158.59330977749903
0.0 119.99758202141699 -36.119549286515 -112.64589472065198 7.3538801856089995 -81.40914584297501 0.0 -43.476072544447014 47.763319405552 -67.356298164192 91.23433089909301 115.11742468489999
0.0 119.99906723017699 -36.118806677239014 -112.64522124265302 7.354691924530001 -81.40840322553899 0.0 -43.473498601769 -7.354691924529022 112.64437530564702 -88.76309515006898 -119.99991316718199
112.64379159250299 31.23696475909901 120.000206665794 0.0 76.52656131405301 -127.353988371754 67.354195037548 -57.52627714759599 38.593379832391 0.0 -124.882485555094 -96.117023612655
0.0 38.592757256949994 -112.64403956003001 -112.64416878930001 83.882353806983 0.0013882007020021253 0.0 -4.880849376036 -148.761685753047 -67.354572239267 -72.236680586736 76.527910796986
0.0 -163.474261283743 167.763319416127 -67.355513374483 -28.763857831391 -124.88179050600401 0.0 115.11820949399603 23.882067325385997 67.354890077869 -177.52627713152103 158.592470777739
-112.645281388592 7.354619431242997 -81.40846954563 0.0 119.99893459138599 -36.118872996896 112.644315160142 -88.763088976874 -119.99990081983502 0.0 -43.473492428139004 -7.354619431243005
0.0 158.592549255558 127.355733073457 -112.64435742911301 -156.117854196018 -119.99902780723302 0.0 -4.8810380139169975 -148.762121122562 -67.35476088069001 -72.23668058480399 76.52747542586201
0.0 -163.473222263841 112.64855300637902 112.64168314174499 151.23718111189902 0.000639523864996862 0.0 -4.884594158320996 143.88573411827798 67.352086517486 62.473722699933006 -81.403862505981
0.0 158.591882016358 -177.526277130153 67.35534022291802 23.881478563383997 115.11865963979 0.0 -4.881340360210012 -148.762818923594 -67.355063230056 -72.236680583128 76.52677762343201
112.64507502252202 -127.355535289758 76.526429574544 0.0 119.99994318528101 31.23683302706 67.355478475039 23.88129773730201 115.118797891362 0.0 158.59170118981902 -177.52627713116104
0.0 119.999956098331 31.236839483856013 112.645012122018 -127.355459476449 76.526436031094 0.0 38.592298960304994 -112.644540523551 -112.64458442521901 83.88189550754201 0.0004715984670027655
0.0 -0.001783143417012215 83.88076813369202 -112.645606850274 -112.64577284522902 38.59117158160399 0.0 76.52459184054898 -72.23668058919999 -67.35601029818801 -148.76500471153702 -4.882287439475013
0.0 -0.00012419184396951778 151.236799335959 112.64540322294303 112.64406913500399 -163.47360411425 0.0 158.59127192117205 -177.526277136238 67.35580667315203 23.880868470962987 115.11912608670502
0.0 -81.40803071889201 62.47372287009301 67.35527350386401 143.881565828021 -4.881407079129973 0.0 -124.88140707913003 -28.762972907150996 -67.355129949223 167.76331941700704 -163.473376360237
0.0 119.99976822929699 31.236745538560005 112.64592725158498 -127.35656246525201 76.526342095596 0.0 38.59330800381098 -112.64343753474901 -112.64366930545201 83.882904560847 0.002489716836005068
0.0 -9.849860799992827e-05 151.23681218376802 112.64527806863599 112.644219981463 -163.47359126752298 0.0 158.591435616524 -177.52627713385598 67.35568151992798 23.881032165231993 115.11900093478098
0.0 158.59177523910898 -177.52627713066704 67.355421869127 23.881371786368994 115.118741285719 0.0 115.118741285719 91.23736949935 -67.35498158361399 47.763319416592 -43.473033953391
0.0 119.996685490801 -36.11999755687901 -112.646301261253 7.353390187168005 -81.40959412176599 0.0 -163.477010804825 167.76331939544 -67.356704696366 -28.766607369710993 -124.882981865814
0.0 -43.473424068762995 -7.35381673124199 112.643649189294 -88.76302062616598 -119.99976409935003 0.0 -124.882627963686 -96.116837357408 67.35405263189199 -57.526277152982004 38.593566085188996
0.0 -43.473535827073 -7.355129031309002 112.64473796014201 -88.763132373975 -119.999987618069 0.0 -124.881539169739 -96.118261405284 67.35514141323999 -57.526277129880995 38.592142047813994
0.0 119.99932160645304 -36.11867948869799 -112.64510589433002 7.354830953154996 -81.40827603632603 0.0 -43.47425198791599 47.76331941615002 -67.35550934670302 91.23615146445701 115.11821352181998
-112.64303481889199 -156.116395825388 -119.99611103807304 0.0 158.59400760294 127.35732720914702 -67.35343824722 167.763319387297 -163.46947204456902 0.0 -124.87971543159502 -28.759068616241002
0.0 -0.0005912038860006499 83.88136410624102 -112.64506635772801 -112.64512139360299 38.591767558795006 0.0 76.52648549984399 -127.354878606397 112.644530189718 31.236888952399024 120.00005503587501
0.0 -81.407946368048 62.47372287018301 67.355209012615 143.88165017882602 -4.881471570329983 0.0 115.11852842966998 91.23687825084502 -67.355194440512 47.76331941705598 -43.47352520228199
0.0 -120.000680589173 -156.11868058651402 -112.64510688997105 127.35482975316603 158.591722865853 0.0 -43.47351033968 -7.354829753166004 112.64448965766198 -88.76310688731301 -119.999936643137
0.0 -163.474369589654 167.763319415826 -67.35556030187001 -28.763966137553 -124.88183743394201 0.0 -124.88183743394198 -96.11787129638898 67.35484315023199 -57.526277132073 38.59253215571301
0.0 -0.001205346571010987 83.881057033813 -112.64534484433499 -112.64545705149101 38.591460484558006 0.0 -163.47480346842303 167.76331941419704 -67.35574829508 -28.76440001767899 -124.88202543013799
0.0 -0.0006094182150016969 83.88135499905503 -112.64507461712398 -112.64513134857403 38.59175845157298 0.0 -163.473513652372 112.64513134857302 112.64452193035801 151.236889800146 5.6731448993566715e-05
112.64502763853602 -7.355478177528002 -43.47356556121901 0.0 -120.00004708628299 -88.76316210851199 67.355431091244 23.881359713961004 115.11875050779702 0.0 158.59176316666802 -177.52627713074003
0.0 -120.00009417184299 -88.76318565267601 112.645256992576 -7.355754615867997 -43.473589104125 0.0 -81.40853681709399 62.473722866490974 67.35566044402499 143.881059731456 -4.881020140931969
-112.64526993989803 127.35463323026899 158.591543078326 0.0 -120.00104016098203 -156.118860373028 -67.35567339125099 -148.764227142758 -4.881950524971003 0.0 76.525369405889 -72.23668058507302
0.0 -0.00027669653702073354 151.23672307088898 112.64614608358201 112.64317378124099 -163.47368036775302 0.0 -81.40969970923001 62.47372283831401 67.356549522223 143.87989685213 -4.880131078104994
0.0 -0.0009833776469933908 83.88116801875299 -112.64524419002701 -112.645335736078 38.59157147029402 0.0 -43.474571168866994 47.76331941515299 -67.35564764156801 91.23583228267502 115.118075225126
112.64482010957401 -7.3552280455089925 -43.47354425944201 0.0 -120.000004482811 -88.763140806318 -112.644776437303 -156.11831621393299 -119.99995184491802 0.0 158.59208723919002 127.35522804550901
0.0 119.999670014594 -36.118505284283 -112.64494791071601 7.355021378258008 -81.40810183133401 0.0 -43.47352666254 -7.355021378258003 112.64464863633599 -88.763123209591 -119.99996928897302
112.64491233964202 -127.35533920969601 76.52644627343899 0.0 119.99997658297004 31.236849726462 -112.64468420733401 -36.11821451686601 120.00025154933799 0.0 -81.40781106384199 7.355339209696001
-112.64483586276098 -112.64484357999801 38.592021713699005 0.0 -8.289587500145231e-05 83.88161826058298 112.644760684123 -88.76313470630201 -119.99999228276201 0.0 -43.47353815941699 -7.35515642000201
0.0 -43.48125620424499 47.76331931015399 -67.358543987098 91.229147159783 115.115178687084 0.0 -4.884821312916004 143.88603152730101 67.35185937693002 62.47372267418101 -81.403565108671
0.0 119.99965586752901 31.236689344207 112.64647458062701 -127.357222143817 76.526285913488 0.0 -81.41012936889099 62.473722820886 67.35687801134601 143.87946720039 -4.879802598487996
0.0 76.52648953402401 -127.354831266204 112.64449091810002 31.236892986397997 120.00006310427003 0.0 -4.8817862133749985 143.882061720194 67.35489437047401 62.47372286852501 -81.40753482743199
0.0 158.59198641650798 -177.52627712987803 67.355260402861 23.881582963409 115.11857981988402 0.0 -4.881420180116026 -148.76300314352503 -67.35514305023902 -72.236680582977 76.52659340337598
0.0 119.99789314864303 -36.11939372151699 -112.645753638096 7.354050232587 -81.408990275669 0.0 -163.475746934779 167.76331940832205 -67.356157083944 -28.76534348893002 -124.882434229774
0.0 -120.00014193171098 -156.11841125734801 -112.644862632809 127.355124154191 158.591992195746 0.0 76.526309443749 -72.236680582984 -67.355266085903 -148.763287103157 -4.881543215792004
-112.64565330019201 7.354171168938008 -81.40887963694799 0.0 119.998114421449 -36.11928308424601 -67.356056747489 91.23488808469202 115.11766610986801 0.0 -43.475515362605 47.76331941005999
0.0 158.594268996218 127.357612945347 -112.64279775288202 -156.11613442499498 -119.99558822874701 0.0 -124.87947837412301 -28.758521479647996 -67.35320117409401 167.763319378758 -163.46892490086103
0.0 119.99930731530998 -36.118686634289006 -112.64511237488202 7.354823142532017 -81.40828318194897 0.0 -163.47426694409705 167.763319416112 -67.35551582722302 -28.76386349175699 -124.88179295877099
0.0 -120.000274580007 -88.76327587060399 112.64613578042102 -7.356813799290001 -43.47367930946499 0.0 38.59353792868501 -112.64318620071101 -112.643460780717 83.88313448982301 0.002949579710000332
0.0 -120.00019461952301 -88.76323588255302 112.645746283782 -7.356344349265 -43.473639328512995 0.0 158.593108466712 127.35634434926499 -112.643850270257 -156.117294979249 -119.99790936695301
0.0 119.999285429193 -36.118697577378 -112.64512230420802 7.354811185692001 -81.40829412508799 0.0 -43.47428984397699 47.763319416051 -67.35552575649801 91.236113608314 115.118197111843
0.0 -81.40701064823001 7.356214143853998 -112.64395829811902 -36.11741409573099 120.00185239823399 0.0 115.11936111218502 91.238800048123 -67.35436174562 47.76331941030403 -43.471603399378
-67.35523958722602 -28.763225945071003 -124.881516717067 0.0 -163.47362939818603 167.763319417042 67.35516386589002 -57.52627712984201 38.592112681119005 0.0 -124.881516717067 -96.118290771998
-67.35834689004501 -28.770397591153003 -124.88462419340999 0.0 -163.480800965395 167.763319322393 67.352056484196 -57.526277303365006 38.59617677198501 0.0 -124.88462419340901 -96.114226602257
-67.355289887831 -148.763342035972 -4.881567017784019 0.0 76.52625451096301 -72.236680583019 67.35511356523399 -57.52627712995298 38.592178471254016 0.0 -124.881567017784 -96.118224981812
0.0 -81.40903852389998 62.473722857736 67.35604402268399 143.88055802863002 -4.880636567049998 0.0 -4.880636567048995 -148.76119459567897 -67.35435942478601 -72.236680589733 76.52840195685101
112.644829767874 112.644760313409 -163.47354525083597 0.0 -6.465597991724978e-06 151.23685820228403 67.355233220993 143.881618515693 -4.881447361960989 0.0 -81.407978031188 62.473722870166014
0.0 38.592680847161006 -112.644123083719 -112.64423808663503 83.88227739653699 0.0012353790210031823 0.0 -4.880918672582007 -148.761845687182 -67.35464153725901 -72.236680585947 76.527750862193
-112.64525324833704 127.354653348487 158.59156148334998 0.0 -120.00100335132701 -156.11884196812605 -67.355656699814 -28.764188619639004 -124.881933833262 0.0 -163.47459207111498 167.763319415075
0.0 -0.0004058501410220156 151.23665847573898 112.646775216955 112.642415510942 -163.473744946223 0.0 158.58947740864198 -177.52627719838205 67.357178638917 23.879073986679995 115.12049801857302
0.0 158.59205826490302 -177.52627712981698 67.35520547043097 23.881654811775988 115.118524887486 0.0 -4.8814751125129945 -148.763129924289 -67.35519798269601 -72.23668058294402 76.526466622584
0.0 -43.479839503754995 47.76331934581001 -67.357930311346 91.23056388999902 115.115792428217 0.0 -124.88420757178301 -96.114771461782 67.352473082408 -57.52627726043598 38.595631931973
0.0 -120.00038789096 -156.11853423710002 -112.64497416442799 127.35498972634802 158.59186921578 0.0 -43.47352396344799 -7.354989726347987 112.64462238269101 -88.763120510569 -119.99996389077602
-112.64598676555504 -112.64623075399702 38.590752662925 0.0 -0.002620961415004743 83.880349221062 112.64360979258201 31.236983416923007 120.00024398844201 0.0 76.52657997505901 -127.35376924600303
0.0 119.99618110472699 -36.120249753455994 -112.64652998029699 7.353114514239042 -81.409846324242 0.0 -163.47336426769598 112.646885485761 112.64306659048898 151.23703916151803 0.00035550546399469194
0.0 -43.478313095549 47.763319376161 -67.35726895219099 91.23209032349901 115.11645384301802 0.0 -124.883546156982 -96.11563648048198 67.353134466857 -57.526277204790986 38.594766938567005
112.64510313307902 112.644430828932 -163.473573310912 0.0 -6.258560402082004e-05 151.23683014147403 67.35550658546502 -96.11873902959401 -124.88117399836901 0.0 38.591664422791986 -57.52627713144797
0.0 38.593791807595004 -112.64290868071102 -112.64323053116101 83.883388374068 0.0034573546009855956 0.0 115.120088862375 91.240479693357 -67.353633964688 47.763319393536 -43.469923740171005
0.0 -6.507335199019874e-05 83.88162717184703 -112.64482778124501 -112.644833838987 38.592030624968 0.0 -163.473610120259 167.76331941704703 -67.35523123436599 -28.763206667139016 -124.881508364198
0.0 158.591109059047 -177.526277139153 67.35593118889899 23.880705610163012 115.11925060086301 0.0 -4.880749399137027 -148.761455009301 -67.354472259985 -72.23668058803598 76.52814154181601
0.0 119.999965139652 31.236844004664015 112.64496808099099 -127.35540639423704 76.526440551767 0.0 -81.407749601098 7.355406394238004 -112.64462846611201 -36.11815305399501 120.00037447522901
0.0 -0.0001218186560016374 83.88159879186699 -112.64485339236101 -112.64486488405501 38.59200223118502 0.0 76.52646384932201 -127.355134925206 112.64474315399102 31.236867278665013 120.000011509169
0.0 -0.0005394891839964768 83.88138996365 -112.64504290740804 -112.64509312912601 38.591793416299 0.0 -163.47410661812603 167.76331941648397 -67.355446360058 -28.763703165476006 -124.88172349092599
0.0 -3.0389668997322922e-05 83.881644513693 -112.64481205376902 -112.64481488277501 38.59204796681901 0.0 -163.47357382220702 167.76331941705502 -67.35521550689501 -28.763170369081987 -124.88149263671399
0.0 -0.0007063013310089639 83.88130655737199 -112.64511854927599 -112.64518429974699 38.591710009681 0.0 -43.47428119468402 47.76331941607499 -67.35552200158502 91.236122257625 115.118200866799
0.0 76.526463036026 -127.35514238096602 112.64474903598298 31.23686648913399 120.00001010812599 0.0 -124.881528093876 -96.11827589183301 67.35515248909101 -57.526277129859004 38.592127561275966
0.0 -163.47350890750602 112.64518706376103 112.64447570516599 151.236894544791 6.62212259920906e-05 0.0 115.11819857352397 23.88208160855302 67.354879157463 -177.526277131643 158.592485060851
0.0 119.999911318946 31.236817092927005 112.64523024612001 -127.35572237881301 76.526413641289 0.0 38.59253947174097 -112.644277621187 -112.644366302241 83.882136020102 0.0009526249329891616
0.0 119.999623595956 -36.118528493633 -112.64496895481999 7.354996003669998 -81.408125040738 0.0 -163.47393594285901 167.76331941677802 -67.35537240771501 -28.76353248996302 -124.881649538042
0.0 -163.47511263078502 167.763319412624 -67.35588225034103 -28.764709181351016 -124.88215938828299 0.0 -124.88215938828304 -96.11745020693199 67.35452119909299 -57.52627713794201 38.592953242503015
0.0 38.592402031608025 -112.64442785671902 -112.644490948591 83.881998579234 0.0006777423169902014 0.0 115.118828467561 91.237570722515 -67.35489440096498 47.763319416152015 -43.472832729858986
-67.35693645329201 -148.767142264289 -4.883213635903995 0.0 76.522454306582 -72.23668061174101 67.35346697583799 -57.526277182611985 38.59433205751401 0.0 -124.883213635904 -96.116071371616
0.0 119.99995736815801 31.236840118793 112.64500593654702 -127.35545202117201 76.526436666009 0.0 -81.407707860036 7.355452021172 -112.64459061067001 -36.11811131282 120.00045795771797
112.64509865532503 -127.355563778256 76.526427146632 0.0 119.99993832947702 31.236830599037997 67.35550210773299 143.881266820783 -4.881178476073991 0.0 -81.40832972680899 62.47372286860001
-112.643517061219 -156.116927567717 -119.99717453678099 0.0 158.59347587231997 127.35674596447399 -67.353920501256 47.763319401347005 -43.470585043279 0.0 115.119802340129 91.239818396757
-112.64542469443599 -112.64555329879802 38.591372435032994 0.0 -0.0013814432309968206 83.880968985035 -67.35582814443299 -148.76458431376304 -4.882105281134004 0.0 76.52501223623901 -72.23668058669901
0.0 -163.473441711546 112.64597773515901 112.643819433861 151.23696173394802 0.00020061451299731412 0.0 115.11754228724399 23.882939469107004 67.354222879355 -177.52627714661799 158.5933429146
112.64408799714201 31.236934568747998 120.000146276172 0.0 76.526531119651 -127.35434517006601 67.35449144623901 62.47372286132299 -81.407007152222 0.0 -4.882189141533995 143.88258939868203
112.64694768974202 -127.357792363472 76.52623734955802 0.0 119.99955874255599 31.236640765844015 -112.642648893972 -156.11597028696903 -119.99525994678602 0.0 158.59443312931697 127.35779236347304
0.0 -120.00157438090802 -156.119127484365 -112.64551218542204 127.354341253577 158.591275964698 0.0 -163.47518967985002 167.76331941217802 -67.355915634485 -28.764786230787 -124.88219277324399
0.0 38.591040874286 -57.526277140533985 67.355983319227 -96.11936257396898 -124.880697269563 0.0 -4.880697269563003 -148.76133469559397 -67.354420129029 -72.23668058879 76.52826185615099
0.0 -163.47484784280897 167.763319413993 -67.35576752181301 -28.764444392235003 -124.88204465724701 0.0 -124.88204465724701 -96.117600265012 67.354635928761 -57.52627713543401 38.592803185562
0.0 -81.409906254293 62.473722830408015 67.35670743406902 143.87969031065902 -4.8799731705709934 0.0 115.12002682942901 91.24033651877001 -67.35369600097901 47.76331939536 -43.470066916278
0.0 -43.47730261398502 47.76331939164701 -67.35683124989204 91.233100817974 115.11689157371299 0.0 115.116891573714 23.88379075574 67.353572182067 -177.52627717639402 158.59419418769798
112.64744238082002 -127.35838859001102 76.526186570482 0.0 119.999457188185 31.23658996785901 -112.642154221803 -36.11542483950599 120.00583097083201 0.0 -81.405021442129 7.3583885900120025
0.0 -120.00003193153702 -88.76315453088901 112.64495381449801 -7.355389198969 -43.47355798382401 0.0 -81.40776533192 7.3553891989699896 -112.644642732568 -36.118168784853 120.000343013468
0.0 -43.473501358057995 -7.35472428876199 112.644402157091 -88.76309790618201 -119.99991867979399 0.0 -124.881874975478 -96.11782219494401 67.35480560896701 -57.526277132569 38.59258125693199
0.0 76.52674514883002 -127.35182966329498 112.64200061879801 31.237148539541014 120.000574346215 0.0 -124.88427664833401 -96.114681123754 67.35240400950902 -57.526277267131974 38.59572226695699
0.0 -120.00034215383101 -88.76330966619199 112.64646503806098 -7.357210622864993 -43.47371309716601 0.0 158.593900956672 127.35721062286501 -112.64313153096502 -156.116502474302 -119.99632433907503
-112.645483295599 -112.64562392574601 38.591307820302994 0.0 -0.0015106707299929805 83.880904370917 -67.355886744984 91.23528044517103 115.11783611696698 0.0 -43.47512300421399 47.763319412565
0.0 -0.00021319238499703123 83.88155311229 -112.644894946513 -112.644914792819 38.59195656534402 0.0 -163.47353209489 112.64491479281901 112.64470160043503 151.23687135816303 1.984630802445758e-05
0.0 158.59165205867703 -177.52627713155002 67.355516038509 23.881248606337994 115.11883545462004 0.0 -4.881164545381003 -148.76241315171802 -67.354887413831 -72.23668058388901 76.52718339594303
0.0 -81.40690337373101 7.3563314063860075 -112.64386100861799 -36.117306819852026 120.00206695164499 0.0 115.11945840003101 91.239024586533 -67.35426445473999 47.76331940864999 -43.471378859588995
-112.64502705204703 127.35492598124402 158.59181089922998 0.0 -120.00050452351299 -156.118592553479 112.644569495244 151.23688491798703 4.6966708989214855e-05 0.0 -163.473518534723 112.64507401875603
0.0 76.52652635119402 -127.35439891883301 112.64413220841 31.236929800782995 120.00013673916698 0.0 115.11785507081002 23.88253088195 67.35453565799901 -177.5262771376 158.59293433154
0.0 -3.3210499000425536e-05 151.236844829612 112.64496004444001 112.64460329214202 -163.47355862330602 0.0 158.59224153747 127.355396707857 -112.64463650264199 -156.11816191544904 -119.99964324770201
0.0 38.594835246118 -112.64176806946601 -112.642284197591 83.884431843396 0.005544330218989642 0.0 -124.87896484102 -28.757336226071004 -67.352687600315 167.76331935657197 -163.46773962879502
0.0 119.99993109831098 31.236826983259 112.64513389918599 -127.35560625310501 76.52642353103 0.0 -81.407566763637 7.355606253103999 -112.64446264858499 -36.117970215867004 120.00074015228999
112.64419464456302 31.236923392590995 120.00012392139303 0.0 76.52651994237098 -127.354474173392 67.35459809478502 -57.526277136210005 38.592852669422 0.0 -124.88208249164602 -96.1175507808
0.0 38.592834765550975 -112.64395483513302 -112.64409849535701 83.88243131632902 0.0015432202880062448 0.0 115.11922091701301 91.238476481196 -67.354501944579 47.76331941237 -43.47192696802699
0.0 -163.473504740199 112.64523599722399 112.64443510658299 151.236898711876 7.455588400003475e-05 0.0 -4.881842025546988 143.88213470909997 67.35483855865897 62.47372286786899 -81.40746183882399
0.0 38.59244289216999 -112.64438319217 -112.64445389159101 83.88203943998901 0.0007594640580024754 0.0 -124.88113447567001 -28.762343752181007 -67.35485734377201 167.76331941592102 -163.472747204362
0.0 -163.47352384929403 112.64501161401202 112.64462127064401 151.23687960358302 3.633753300612618e-05 0.0 115.118344140277 23.881891217594987 67.35502472352101 -177.526277130367 158.592294670472
0.0 -0.00031362053399356244 83.88150289816399 -112.64494048614402 -112.644969681424 38.59190635112999 0.0 -163.473527420412 112.644969681423 112.64465606089 151.23687603255402 2.9195278996777864e-05
67.35552624315 143.881235259213 -4.881154340801013 0.0 -81.40836128849999 62.473722868334995 -67.354877209137 -72.236680583952 76.527206947699 0.0 -4.881154340801003 -148.76238960001402
0.0 -120.00010096764 -88.763189050851 112.645290095507 -7.35579451434401 -43.473592502049016 0.0 38.592605463493996 -112.64420548565602 -112.64430645329502 83.88220201229598 0.0010846098499708587
0.0 -0.008089419022992343 83.87761493463601 -112.648466510076 -112.64921956312001 38.588018280462016 0.0 -163.47316550224397 112.64921956312001 112.64113014409699 151.23723784358302 0.000753053043989913
0.0 -120.00023142939301 -88.763254290753 112.645925589018 -7.3565604614050075 -43.473657733745 0.0 158.590588690836 -177.52627715211202 67.356329032011 23.880185247843002 115.11964843690602
0.0 -120.00015317439302 -156.11841687869205 -112.644867730999 127.355118009695 158.59198657439703 0.0 -43.473534888387015 -7.355118009695 112.64472881591202 -88.763131435298 -119.99998574069403
0.0 -163.473529524653 112.644944972908 112.64467656087199 151.236873928356 2.4986788963669113e-05 0.0 -4.881600569205004 143.88181890126404 67.35508001388102 62.473722869923 -81.40777764572702
-112.64499823249099 7.354960717261004 -81.40815732287402 0.0 119.99955903196201 -36.11856077568299 -67.35540168529901 -148.763600058421 -4.881678815817997 0.0 76.52599648877101 -72.23668058332699
0.0 -120.00008304403202 -88.76318008836 112.64520278796299 -7.355689283817998 -43.473583540182005 0.0 38.591534079644994 -57.52627713268799 67.35560623978601 -96.11886937217798 -124.88107434472403
0.0 119.999963358631 31.23684311412702 112.644976756389 -127.35541685063302 76.526439661254 0.0 158.59225996476 127.35541685063203 -112.644619790738 -156.11814348811401 -119.99960639297801
0.0 76.52456645147299 -72.23668058937197 -67.356021298864 -148.765030100756 -4.882298440465012 0.0 -124.88229844046501 -96.11726833970899 67.354382148907 -57.52627714160097 38.593135108062015
0.0 -163.473638895381 167.763319417039 -67.35524370157701 -28.763235442268023 -124.881520831424 0.0 -124.881520831424 -96.118285389157 67.35515975153699 -57.52627712984802 38.59211806395701
0.0 -163.47344970077802 112.645882288308 112.64389890082103 151.236953745899 0.0001846358060255662 0.0 -4.8823782431869995 143.882836034207 67.354302347498 62.473722855992 -81.406760519117
0.0 -163.47448501237398 167.76331941545803 -67.355610312845 -28.764081560579 -124.881887445591 0.0 -4.881887445590005 143.882194114988 67.354793138951 62.473722867254 -81.40740243321599
-112.644310986779 -36.11780298653101 120.00107461215501 0.0 -81.407399535297 7.355789050167998 -67.354714438013 -72.23668058521699 76.52758261240399 0.0 -4.8809915719959935 -148.76201393636302
0.0 -0.000749568153999903 83.88128492389801 -112.64513816888501 -112.645207947063 38.591688376103015 0.0 76.52567352462901 -72.23668058405 -67.35554162109099 -148.763923023165 -4.881818752935015
0.0 -0.00016865644199894376 151.23677710095 112.64561981471799 112.64380808109401 -163.47362634679502 0.0 38.59296901985599 -112.643808081094 -112.64397673753699 83.882565572111 0.0018117336239942723
0.0 -0.005609339239000191 83.87885500795302 -112.64734186938801 -112.647864068317 38.58925840948601 0.0 -43.47328092373 -7.352135931682983 112.64225472907803 -88.762877522196 -119.999477801071
0.0 -120.00208159178902 -156.11938109163 -112.64574218394998 127.35406403818402 158.591022354392 0.0 -163.47344512981402 112.645935961816 112.64385437002701 151.236958316209 0.00019377786498819908
0.0 -120.000449115951 -156.118564849646 -112.64500192719402 127.35495626404004 158.59183860315102 0.0 -43.47352111368699 -7.3549562640409984 112.64459462000899 -88.76311766088999 -119.999958191235
67.35527008920401 143.881570294337 -4.881410493785002 0.0 -81.40802625257402 62.47372287010099 -67.35513336388499 47.763319417012 -43.473384241211 0.0 115.11858950621502 91.23701921187902
0.0 76.525318624877 -72.236680585276 -67.355695393872 -148.764277923939 -4.881972527964991 0.0 -4.881972527965004 143.882305395975 67.35470805731201 62.473722865908 -81.40729115284199
0.0 119.999778041735 31.236750445706008 112.64587945387001 -127.35650485593904 76.5263470019 0.0 38.590649033571 -57.52627715032401 67.35628289767502 -96.119754410234 -124.880397696455
112.64538557481599 -7.3559095940200105 -43.47360230272399 0.0 -120.000120568827 -88.76319885234697 -112.64421097480701 -36.11769270870402 120.001295168836 0.0 -81.407289258328 7.355909594019994
0.0 119.99986123761704 31.236792049892998 112.645474197565 -127.356016409431 76.52638860040797 0.0 38.591179089945975 -57.52627713783199 67.355877647048 -96.11922435953802 -124.880802940269
0.0 119.995652783325 -36.120513918402004 -112.64676955220501 7.352825757668993 -81.410110496263 0.0 -43.473339676071 -7.352825757669005 112.64282702565602 -88.76293625393203 -119.99959530987304
67.35829062561899 23.877619518071995 115.121609951369 0.0 158.58802289511 -177.526277297211 -67.352112751419 167.76331932575002 -163.466412943742 0.0 -124.87839004863102 -28.756009566703003
0.0 -0.0009572710519999147 83.88118107209999 -112.64523235295799 -112.64532146646899 38.591584523725 0.0 76.525456154007 -72.23668058474699 -67.35563580458299 -148.764140394369 -4.881912937706027
-67.358678900843 -28.771163870389 -124.884956242781 0.0 -163.481567227098 167.763319301352 67.35172445586599 -57.526277341939 38.596610984316996 0.0 -124.88495624278201 -96.11379237239302
0.0 119.99990186825801 31.236812367216995 112.64527628542399 -127.35577786847199 76.52640891591102 0.0 -81.40856204994999 62.473722866174995 67.355679736729 143.881034498745 -4.881000848400961
0.0 -163.473852992202 167.763319416883 -67.35533646775004 -28.763449539219 -124.881613597885 0.0 -4.881613597885994 143.881835941334 67.35506698523298 62.473722869865 -81.407760605684
0.0 -43.47353187769399 -7.355082656684998 112.64469948433603 -88.763128424644 -119.99997971930101 0.0 -124.881577645653 -96.118211081329 67.35510293738501 -57.526277129988 38.59219237171999
0.0 -81.40909941280101 62.473722856321984 67.356090574064 143.88049714037197 -4.880590016439977 0.0 115.11940998356 91.23891284318702 -67.35431287276303 47.763319409495 -43.47149060363899
0.0 38.591704270259974 -57.526277131138016 67.355476119894 -96.118699182268 -124.88120446376998 0.0 -124.88120446377003 -28.762505281501998 -67.35492733263199 167.763319416335 -163.47290873402997
0.0 76.526395939578 -72.23668058295101 -67.355228608689 -148.763200607301 -4.881505738518991 0.0 115.11849426148203 23.881694868782006 67.35517484443302 -177.52627712983002 158.59209832190302
-112.64715669077302 7.3523591460380056 -81.410537386065 0.0 119.994799046492 -36.12094079483798 -67.35756009954603 -28.768581648799998 -124.88383732694201 0.0 -163.478985057573 167.76331936383204
0.0 -81.40865233921903 62.473722864932995 67.35574876647999 143.88094421003902 -4.880931819326988 0.0 115.11906818067298 91.238123970633 -67.354654684261 47.76331941419202 -43.472279480107
-112.64458300941699 -156.118102931294 -119.99952527919997 0.0 158.592300521464 127.35546118297401 -67.35498646217401 -72.23668058338701 76.526954798923 0.0 -4.881263592803977 -148.76264174832002
0.0 76.52646678939698 -127.35509830796101 112.64471246977203 31.23687024246602 120.00001761487802 0.0 -124.881564660175 -96.11822806549499 67.35511592284003 -57.526277129945974 38.592175387573015
0.0 119.999582562874 -36.11854901020699 -112.64498756228002 7.354973577994005 -81.40814555736601 0.0 76.526021114946 -72.23668058328698 -67.35539101512103 -148.763575432213 -4.881668145566
0.0 119.998655709913 -36.119012438293005 -112.64540784907499 7.354467009151996 -81.408608988129 0.0 -163.474948879305 167.76331941349997 -67.355811299239 -28.764545429141013 -124.88208843557501
0.0 38.592619971838964 -112.64418962658601 -112.64429329544602 83.88221652074601 0.0011136268750053103 0.0 115.11902611917 91.23802689416001 -67.35469674653899 47.76331941461599 -43.472376556934
0.0 -120.00029978014899 -156.11849018163502 -112.64493421013499 127.35503788296602 158.591913271345 0.0 -163.473855751649 167.763319416879 -67.355337663114 -28.763452298669012 -124.88161479325603
0.0 -163.47318019753902 112.64904699466899 112.64127331210402 151.237223156501 0.0007236608120005695 0.0 -124.885004035707 -96.113729848831 67.351676666143 -57.52627734781001 38.596673505209
0.0 -0.00011927146399959125 151.23680179639902 112.64537925528101 112.64409802282 -163.473601654036 0.0 -81.40869673034598 62.47372286426102 67.35578270571702 143.880899819219 -4.880897880457001
0.0 -81.40987324348501 62.47372283173 67.35668219539599 143.87972332086602 -4.8799984085219865 0.0 -4.879998408522001 -148.759721729388 -67.35372124025302 -72.236680603918 76.52987483496301
67.355741543969 -96.119046343222 -124.880939041763 0.0 38.591357107582 -57.52627713492901 -67.354661906834 -72.23668058573301 76.52770385065499 0.0 -4.8809390417629945 -148.76189269854203
0.0 158.59295072761202 127.356171923549 -112.64399332714001 -156.117452720348 -119.99822485155102 0.0 115.11932608371502 91.238719203202 -67.35439677510001 47.763319410855 -43.471684244758016
0.0 38.59241099867401 -112.644418057336 -112.644482813754 83.88200754634 0.0006956765769979647 0.0 115.11883660235003 91.237589489004 -67.35488626608701 47.763319416104004 -43.47281396332901
0.0 -120.00065935071699 -156.11866996725797 -112.64509725927599 127.354841360974 158.591733485156 0.0 76.526488671768 -127.35484136097301 112.64449928830902 31.236892124182983 120.00006137975001
0.0 -120.000161679547 -156.11842113127202 -112.64487158775799 127.35511336129498 158.59198232181302 0.0 -163.47371122306106 167.763319417004 -67.35527504084298 -28.763307769977015 -124.881552170753
0.0 -163.473500663719 112.645283864342 112.644395392717 151.236902788114 8.270889100277033e-05 0.0 115.118118260053 23.882186652456 67.35479884454999 -177.52627713266403 158.59259010428798
0.0 119.99802329027102 -36.11932865018102 -112.64569462437001 7.354121361361001 -81.408925203461 0.0 76.52438926446 -72.23668059063303 -67.35609807109 -148.76520728882 -4.882375215002992
0.0 -120.00657527920399 -156.121627973609 -112.64777989828698 127.35160800131699 158.58877540862704 0.0 76.526764025074 -127.35160800131804 112.641816719478 31.237167407308 120.00061210039702
0.0 119.99632006782502 -36.12018027088201 -112.646466965871 7.3531904646170005 -81.409776839961 0.0 -43.477393237186995 47.763319390411006 -67.356870396793 91.233010193735 115.116852424539
0.0 -0.00017059672299934195 151.236776130661 112.645630220069 112.64379573559704 -163.47362731695003 0.0 38.590975313868995 -57.526277141954985 67.35603366768001 -96.11942813374198 -124.88064692188703
0.0 -81.407275621465 7.355924500496981 -112.64419860730099 -36.117679071724005 120.00132244293702 0.0 -4.880879193685999 -148.761754571227 -67.35460205756101 -72.23668058638502 76.52784197851402
-112.64483467105003 127.355157856759 158.592023027934 0.0 -120.00008026740701 -156.118380425182 -67.35523812416601 91.236777431577 115.11848474599398 0.0 -43.47362602153999 47.763319417043
0.0 -0.0001988488799884441 83.88156028404902 -112.644888442484 -112.64490695333403 38.591963737110994 0.0 76.52624987765302 -72.23668058302201 -67.35529189554701 -148.763346669285 -4.8815690255060105
0.0 -43.47376259973501 47.76331941696899 -67.35529730167698 91.236640853319 115.11842556834601 0.0 -4.881574431653997 143.88178471502698 67.35510615137702 62.473722870023 -81.40781183191902
0.0 -4.427753500654072e-05 151.236839295916 112.645013953021 112.64453831668699 -163.47356415684 0.0 158.59178106536 -177.52627713063302 67.355417405777 23.881377612602986 115.11873682238802
-112.644855844036 127.35513233702898 158.591999681559 0.0 -120.00012696010799 -156.11840377154104 -67.35525929713698 -28.76327143451301 -124.881536427011 0.0 -163.47367488761398 167.76331941702497
0.0 -163.473461530512 112.64574337857601 112.64401414922702 151.23694191771196 0.00016097602701506153 0.0 -4.882262991375995 143.882685296287 67.35441759745102 62.473722859397014 -81.40691125548899
112.64717182607004 -7.358062504143007 -43.473785657465015 0.0 -120.00048726987201 -88.763382249262 67.35757523427202 143.878555246594 -4.879105402582987 0.0 -81.41104134520403 62.473722771347994
0.0 38.592574821748 -112.644238980327 -112.644334242582 83.882171370338 0.0010233256809986878 0.0 -124.88101482758702 -28.762067609989003 -67.354737693992 167.76331941499598 -163.472471061399
0.0 -163.473521942782 112.64503400067201 112.64460269707502 151.236881510041 4.01505690066863e-05 0.0 -4.881674433412996 143.88191551071202 67.35500614989701 62.473722869511995 -81.407681036466
0.0 -0.002139880121995991 83.880589763962 -112.645768614904 -112.6459678196 38.590993209581 0.0 -163.473442416438 112.6459678196 112.643827939477 151.23696102917998 0.00019920469600364567
0.0 -120.00023242062699 -88.76325478646498 112.64593041697401 -7.356566280505976 -43.473658229371004 0.0 38.590582375935 -57.526277152303976 67.35633385988004 -96.11982106697097 -124.88034673533
0.0 -120.00000494967901 -88.76314103975301 112.64482238365002 -7.355230786452009 -43.473544492875014 0.0 38.59203162691799 -57.526277129826994 67.35522583677299 -96.11837182620502 -124.88145474617698
0.0 76.52646415729198 -127.35512921550901 112.64473811307202 31.236867610389993 120.000012350661 0.0 -4.8815390168090005 143.881738394881 67.355141566171 62.47372287012001 -81.40785815202102
67.35580364599899 -96.11912756964404 -124.88087694041201 0.0 38.59127588059399 -57.52627713617301 -67.35459980423902 47.763319413588995 -43.472152821006 0.0 115.11912305958799 91.238250629233
0.0 -81.407754272856 7.355401288011993 -112.644632703426 -36.118157725765 120.00036513167699 0.0 -124.881313286633 -28.762756437752007 -67.355036156334 167.763319416794 -163.473159890661
-67.35913082323698 91.22779840390898 115.114591776474 0.0 -43.482604926421004 47.76331926938 67.35127250709303 -177.52627740028902 158.597196702895 0.0 115.114591776474 23.886793372565
0.0 38.593651118839 -112.64306247075503 -112.64335812536399 83.883247682251 0.0031759672929971704 0.0 115.119961271845 91.24018521149497 -67.353761561951 47.763319397209 -43.47021822509299
0.0 -120.00007751864 -88.76317732547898 112.64517587326897 -7.355656843899997 -43.47358077746898 0.0 38.592479518421 -112.64434315609999 -112.64442067474002 83.88207606643 0.0008327171689802577
0.0 -0.00010024605000122009 151.236811309975 112.64528658060803 112.644209722117 -163.47359214125 0.0 38.592601587858994 -112.64420972211602 -112.644309968167 83.882198136633 0.0010768584909975503
0.0 76.52647024571499 -127.355057723456 112.644678797967 31.23687369872799 120.000024527524 0.0 -124.881598332101 -96.118184024727 67.35508225097999 -57.526277130068 38.592219428286015
0.0 119.99971266180198 -36.118483960652995 -112.64492856827502 7.355044683067992 -81.40808050766 0.0 -43.47384273057601 47.763319416893 -67.355332021267 91.23656072241602 115.11839084861901
0.0 158.591903495994 -177.52627713007902 67.35532380049798 23.88150004298501 115.118643217412 0.0 115.118643217411 91.23714317442501 -67.35507965251001 47.76331941691301 -43.47326027858302
0.0 -81.40806819795901 62.473722870006014 67.35530215886 143.881528348995 -4.881378424180998 0.0 -124.88137842418101 -28.762906773175988 -67.35510129418701 167.76331941696 -163.47331022622197
0.0 -43.47409584969101 47.763319416504984 -67.35544169426299 91.23630760297699 115.11828117491001 0.0 115.11828117491001 23.881973571932996 67.354961758405 -177.52627713082703 158.59237702460103
0.0 119.999670848284 -36.11850486743701 -112.64494752857202 7.35502182980601 -81.40810141448702 0.0 -43.47388649058 47.763319416841995 -67.35535098152202 91.236516962369 115.118371888271
67.35870027148302 23.877083695573003 115.12201957141002 0.0 158.58748705109102 -177.526277344555 -67.351703084035 47.763319299926 -43.46546747968198 0.0 115.12201957141002 91.24493587583699
0.0 -120.000438701928 -88.76335795592902 112.64693521836801 -7.357777337008001 -43.47376137264001 0.0 158.594419381079 127.35777733700802 -112.64266136492 -156.115984035632 -119.99528744462303
0.0 -1.8142879000030833e-05 151.236852363584 112.64488664885099 112.644691755205 -163.473551089481 0.0 158.591947571854 -177.52627712995402 67.35529010191598 23.881544118788003 115.118609518897
0.0 -81.408331806437 62.473722868584 67.35550370251403 143.881264741163 -4.881176881303022 0.0 115.118823118697 91.23755837753397 -67.354899749886 47.76331941618301 -43.47284507486701
0.0 76.526459571958 -127.35518305642401 112.64478278328602 31.236863025083004 120.00000317998798 0.0 115.118505653466 23.881679968659995 67.35518623641204 -177.526277129822 158.59208342178502
-67.35548802983703 91.23620067180902 115.11823483890905 0.0 -43.474202780665 47.763319416270996 67.35491542263699 -57.52627713125499 38.59243761957403 0.0 -124.881765161091 -96.1179658329
-112.64375368974298 -36.117188485061995 120.00230362326201 0.0 -81.406785040636 7.356460757430997 -67.354157134169 -72.236680593386 76.52886882794402 0.0 -4.880434283128995 -148.76072772763
0.0 -7.755109900255469e-05 151.23682265829 112.64517603137199 112.64434296554 -163.47358079369903 0.0 158.59156907582 -177.526277132321 67.355579483361 23.881165623831013 115.11889889905099
0.0 158.593120810535 127.35635784247401 -112.643839075446 -156.11728263525504 -119.997884678761 0.0 115.119480332806 91.239075207219 -67.35424252123602 47.763319408251995 -43.47132823857002
0.0 -120.00025656591697 -88.76326686156801 112.646048032114 -7.3567080387039985 -43.47367030224001 0.0 38.59344117713603 -112.64329196129698 -112.64354852721401 83.88303773646301 0.0027560708169976863
112.64523745672501 112.644268930242 -163.473587098911 0.0 -9.016144500619535e-05 151.236816352677 -112.64435909168603 -36.117856029153984 120.00096852648299 0.0 -81.407452577565 7.355731069758002
0.0 -120.00008322521 -88.763180178956 112.64520367049901 -7.355690347527003 -43.473583630772005 0.0 158.591532925335 -177.52627713270002 67.355607122316 23.881129473518005 115.11892653779898
0.0 -0.0011321132179869437 83.88109365065803 -112.64531163620501 -112.64541702598699 38.59149710168302 0.0 76.52527317364503 -72.236680585466 -67.35571508723102 -148.76432337532898 -4.881992221671013
0.0 158.592590899973 127.35577859499601 -112.64431966121299 -156.117812551327 -119.99894451751801 0.0 115.11899975365002 91.237966043669 -67.354723112514 47.76331941486399 -43.47243740763201
-112.645516869612 7.354335607759008 -81.408729200365 0.0 119.998415289138 -36.119132649374016 112.64407968137802 31.23693519187601 120.00014752262902 0.0 76.526531742868 -127.354335607759
112.64417091997902 151.23692582757099 0.00012879186498319494 0.0 -163.473477622417 112.64555442189699 67.35457436996701 62.473722863278 -81.40711630054301 0.0 -4.882106216741978 143.882480249468
0.0 -120.00264672675303 -156.11966366174 -112.645998449088 127.35375516397602 158.5907397799 0.0 -163.476311939405 167.76331940327202 -67.356401890729 -28.765908497764002 -124.882679045816
112.646006295447 112.643342265342 -163.47366601806002 0.0 -0.00024799772199943796 151.23673742343 -112.64359026306302 -36.11700828340203 120.00266403010501 0.0 -81.40660484191203 7.356657734659
0.0 -3.1888239986396875e-05 151.23684549076 112.644953603613 112.64461105521201 -163.473557962174 0.0 158.59223443554802 127.35538894478799 -112.644642943452 -156.118169017387 -119.99965745159899
0.0 119.99980691328797 31.236764883976004 112.64573881728401 -127.35633535007001 76.526361437903 0.0 38.59310023404499 -112.64366464993101 -112.64385773664299 83.88269678797202 0.002074167354001772
0.0 -120.00011151317801 -88.76319432408499 112.645341458856 -7.355856422807991 -43.47359777486001 0.0 38.59135270388099 -57.526277134993 67.35574490963002 -96.11905074689301 -124.88093567613804
0.0 158.593020923301 127.356248654906 -112.64392966525004 -156.11738252381 -119.99808445745603 0.0 115.11938974458499 91.238866131096 -67.35433311236102 47.76331940983602 -43.47153731601401
0.0 -0.0008229224140008446 83.88124824665499 -112.64517143178101 -112.645248038615 38.591651698671 0.0 -43.474403243977996 47.763319415723 -67.355574883798 91.23600020803902 115.11814798394201
0.0 -43.481083679465 47.76331931487599 -67.358469382988 91.229319688512 115.11525329986503 0.0 115.115253299865 23.885933611353014 67.351933984989 -177.52627731714702 158.59633697933
-112.64499984882099 -112.645041230888 38.591840894880995 0.0 -0.0004445325120084269 83.88143744207801 112.644596698376 -88.763117874232 -119.99995861793403 0.0 -43.47352132703401 -7.354958769112
0.0 -43.47334825030501 -7.352926427956004 112.64291054439299 -88.76294482559503 -119.999612458854 0.0 -4.883366647942985 143.88412874645 67.35331396910298 62.473722807664004 -81.405467828841
0.0 -81.40776637439699 7.355388059443991 -112.644643678001 -36.11816982733302 120.000340928506 0.0 -124.88132426117399 -28.762781767889017 -67.355047130938 167.76331941682696 -163.47318522082602
0.0 119.999799270766 -36.11844065612901 -112.64488929505002 7.3550920188770075 -81.408037203068 0.0 76.52624790968699 -72.23668058302401 -67.355292748111 -148.763348637252 -4.881569878073999
0.0 -120.00002422834397 -88.763150679203 112.64491629411202 -7.355343975472987 -43.473554132219 0.0 -81.407806703729 7.355343975473001 -112.64468025287202 -36.11821015674499 120.00026026958598
0.0 -0.000673092276006584 83.881323161944 -112.64510349045902 -112.645166149433 38.59172661432799 0.0 76.52575356012699 -72.236680583836 -67.35550694284301 -148.76384298749 -4.881784074295015
0.0 -163.47354016542 112.64482002614997 112.64478022595702 151.236863287704 3.7052309978533283e-06 0.0 -124.88149690386598 -96.11831668614603 67.355183679082 -57.526277129823015 38.59208676697901
0.0 119.99986398091698 31.236793421699016 112.64546083458801 -127.35600030329702 76.526389972073 0.0 -81.40720627500403 7.356000303296 -112.644135715785 -36.11760972463002 120.001461137885
0.0 -163.47681733445302 167.763319397783 -67.35662086926098 -28.76641389738601 -124.88289803441101 0.0 115.11710196558899 23.883515862975006 67.35378256780602 -177.52627716515002 158.59391930004202
112.64822489192099 112.64066829155601 -163.47389375591302 0.0 -0.0007034570269981532 151.236509603584 -112.64137174858301 83.885437952532 0.007556600363999243 0.0 38.595841312028014 -112.64066829155601
-112.64449712987701 -156.118008236511 -119.99933588921003 0.0 158.59239521589302 127.35556469307099 -67.354900582281 47.763319416188004 -43.47284699584501 0.0 115.11882228631102 91.23755645655899
0.0 76.525765648524 -72.23668058380501 -67.35550170511699 -148.76383089906702 -4.881778836511994 0.0 115.11822116348799 23.882052062554997 67.354901747292 -177.526277131396 158.592455514964
0.0 119.99948897396101 31.236605867723988 112.64728738611599 -127.358201815875 76.52620246400501 0.0 158.59480768359902 127.35820181587401 -112.64230921016501 -156.115595720121 -119.994510798009
0.0 119.99666595229301 -36.12000732626199 -112.64631012118299 7.353379508375997 -81.409603891362 0.0 76.52661316536201 -127.353379508376 112.64328644391601 31.237016600262 120.00031037044
0.0 -120.00001964588002 -88.76314838792898 112.644893974965 -7.355317073899 -43.473551840984 0.0 -81.408062008774 62.47372287002204 67.35529742801901 143.88153453817196 -4.881383155012996
0.0 -43.473471758327 -7.354376720843992 112.644113791618 -88.76306830893597 -119.99985947983504 0.0 115.117836653582 23.882554970220003 67.354517241009 -177.52627713803696 158.59295841961102
112.64534741512001 112.64413639922402 -163.473598385743 0.0 -0.00011273493400887447 151.23680506498 -112.644249134158 -156.117734784967 -119.998788984104 0.0 158.59266866575499 127.35586360077602
0.0 -120.00030333215801 -88.76329025013901 112.646275899256 -7.35698266712997 -43.473693685856 0.0 38.593692416991 -112.64301733287 -112.643320665027 83.88328898127402 0.0032585663859970595
0.0 76.52656374789098 -127.35395972409098 112.643767812978 31.236967192551 120.00021153354702 0.0 115.117490664532 23.883007468460015 67.354171257637 -177.526277148446 158.59341091312
0.0 -81.410735972871 62.473722789835016 67.357341772894 143.87886061052401 -4.879338853876004 0.0 -124.87933885387702 -28.75819946440101 -67.353061643711 167.76331937323002 -163.46860288100498
0.0 119.999146747335 -36.11876691852101 -112.645185185201 7.35473538447 -81.408363466587 0.0 -163.47443498598403 167.76331941562302 -67.35558863713501 -28.76403153405 -124.88186576957803
